start=3336.207875
fullscreen=yes
sid=1
sub-pos=88
sub-scale=0.700000
