start=3357.187167
pause=yes
fullscreen=yes
sid=2
sub-pos=92
sub-scale=0.800000
